{
 "cells": [
  {
   "cell_type": "code",
   "execution_count": 6,
   "metadata": {},
   "outputs": [],
   "source": [
    "from exam_functions import *\n",
    "import exam_toolbox as et\n",
    "import numpy as np\n",
    "from sklearn.decomposition import PCA"
   ]
  },
  {
   "cell_type": "code",
   "execution_count": 7,
   "metadata": {},
   "outputs": [],
   "source": [
    "# 1\n",
    "# carta"
   ]
  },
  {
   "cell_type": "code",
   "execution_count": 8,
   "metadata": {},
   "outputs": [],
   "source": [
    "V = np.array(\n",
    "    [\n",
    "        [0.04, -0.12, -0.14, 0.35, 0.92],\n",
    "        [0.06, 0.13, 0.05, -0.92, 0.37],\n",
    "        [-0.03, -0.98, 0.08, -0.16, -0.05],\n",
    "        [-0.99, 0.03, 0.06, -0.02, 0.07],\n",
    "        [-0.07, -0.05, -0.98, -0.11, -0.11],\n",
    "    ]\n",
    ")"
   ]
  },
  {
   "cell_type": "code",
   "execution_count": 9,
   "metadata": {},
   "outputs": [
    {
     "data": {
      "text/html": [
       "<div>\n",
       "<style scoped>\n",
       "    .dataframe tbody tr th:only-of-type {\n",
       "        vertical-align: middle;\n",
       "    }\n",
       "\n",
       "    .dataframe tbody tr th {\n",
       "        vertical-align: top;\n",
       "    }\n",
       "\n",
       "    .dataframe thead th {\n",
       "        text-align: right;\n",
       "    }\n",
       "</style>\n",
       "<table border=\"1\" class=\"dataframe\">\n",
       "  <thead>\n",
       "    <tr style=\"text-align: right;\">\n",
       "      <th></th>\n",
       "      <th>k</th>\n",
       "      <th>var_explained</th>\n",
       "    </tr>\n",
       "  </thead>\n",
       "  <tbody>\n",
       "    <tr>\n",
       "      <th>0</th>\n",
       "      <td>1.0</td>\n",
       "      <td>0.494169</td>\n",
       "    </tr>\n",
       "    <tr>\n",
       "      <th>1</th>\n",
       "      <td>2.0</td>\n",
       "      <td>0.654022</td>\n",
       "    </tr>\n",
       "    <tr>\n",
       "      <th>2</th>\n",
       "      <td>3.0</td>\n",
       "      <td>0.800130</td>\n",
       "    </tr>\n",
       "    <tr>\n",
       "      <th>3</th>\n",
       "      <td>4.0</td>\n",
       "      <td>0.913920</td>\n",
       "    </tr>\n",
       "    <tr>\n",
       "      <th>4</th>\n",
       "      <td>5.0</td>\n",
       "      <td>1.000000</td>\n",
       "    </tr>\n",
       "  </tbody>\n",
       "</table>\n",
       "</div>"
      ],
      "text/plain": [
       "     k  var_explained\n",
       "0  1.0       0.494169\n",
       "1  2.0       0.654022\n",
       "2  3.0       0.800130\n",
       "3  4.0       0.913920\n",
       "4  5.0       1.000000"
      ]
     },
     "execution_count": 9,
     "metadata": {},
     "output_type": "execute_result"
    }
   ],
   "source": [
    "# 2\n",
    "S = [14.4, 8.19, 7.83, 6.91, 6.01]\n",
    "var_explained(S, plot=False, show_df=False)"
   ]
  },
  {
   "cell_type": "code",
   "execution_count": 10,
   "metadata": {},
   "outputs": [
    {
     "name": "stdout",
     "output_type": "stream",
     "text": [
      "[-0.0858 -2.8028  0.2288 -0.4576 -0.143 ]\n"
     ]
    }
   ],
   "source": [
    "# 3\n",
    "xab = np.array([0, 0, 2.86, 0, 0])\n",
    "\n",
    "print(xab @ V)\n",
    "# le prime 2 pc sono negative -> il vettore da A a B è negativo"
   ]
  },
  {
   "cell_type": "code",
   "execution_count": 11,
   "metadata": {},
   "outputs": [
    {
     "name": "stdout",
     "output_type": "stream",
     "text": [
      "The density for observation O4 is 0.684931506849315\n",
      "The average relative density for observation O4 is 0.7148305214022026\n"
     ]
    },
    {
     "data": {
      "text/plain": [
       "0.7148305214022026"
      ]
     },
     "execution_count": 11,
     "metadata": {},
     "output_type": "execute_result"
    }
   ],
   "source": [
    "# 4\n",
    "data = [\n",
    "    [0.0, 2.91, 0.63, 1.88, 1.02, 1.82, 1.92, 1.58, 1.08, 1.43],\n",
    "    [2.91, 0.0, 3.23, 3.9, 2.88, 3.27, 3.48, 4.02, 3.08, 3.47],\n",
    "    [0.63, 3.23, 0.0, 2.03, 1.06, 2.15, 2.11, 1.15, 1.09, 1.65],\n",
    "    [1.88, 3.9, 2.03, 0.0, 2.52, 1.04, 2.25, 2.42, 2.18, 2.17],\n",
    "    [1.02, 2.88, 1.06, 2.52, 0.0, 2.44, 2.38, 1.53, 1.71, 1.94],\n",
    "    [1.82, 3.27, 2.15, 1.04, 2.44, 0.0, 1.93, 2.72, 1.98, 1.8],\n",
    "    [1.92, 3.48, 2.11, 2.25, 2.38, 1.93, 0.0, 2.53, 2.09, 1.66],\n",
    "    [1.58, 4.02, 1.15, 2.42, 1.53, 2.72, 2.53, 0.0, 1.68, 2.06],\n",
    "    [1.08, 3.08, 1.09, 2.18, 1.71, 1.98, 2.09, 1.68, 0.0, 1.48],\n",
    "    [1.43, 3.47, 1.65, 2.17, 1.94, 1.8, 1.66, 2.06, 1.48, 0.0],\n",
    "]\n",
    "df = pd.DataFrame(data)\n",
    "\n",
    "ARD(df, 3, 2)"
   ]
  },
  {
   "cell_type": "code",
   "execution_count": 12,
   "metadata": {},
   "outputs": [
    {
     "data": {
      "text/plain": [
       "0.005717373569359967"
      ]
     },
     "execution_count": 12,
     "metadata": {},
     "output_type": "execute_result"
    }
   ],
   "source": [
    "# 5\n",
    "pesi = np.array([0.3333, 0.3333, 0.3333])\n",
    "vect_dist = np.array([2.11, 1.15, 1.09])\n",
    "gmm_weighted_density(0.5, 10, vect_dist, pesi)"
   ]
  }
 ],
 "metadata": {
  "kernelspec": {
   "display_name": "Python 3",
   "language": "python",
   "name": "python3"
  },
  "language_info": {
   "codemirror_mode": {
    "name": "ipython",
    "version": 3
   },
   "file_extension": ".py",
   "mimetype": "text/x-python",
   "name": "python",
   "nbconvert_exporter": "python",
   "pygments_lexer": "ipython3",
   "version": "3.11.6"
  }
 },
 "nbformat": 4,
 "nbformat_minor": 2
}
